(23)6 (10)6
(5323)6 (30)3 (20)3+3 (53)3 (21)3 (22)3 (53)6 (3223)6 (3223)6 (10)6
(5223)6 (40)3 (42)3 (42)6 (44)3 (30)3 (50)12 (23)4 (23)4 (23)4
(5023)6 (21)3 (21)3 (21)12 (53413020)12 (4032)6 (30)3 (30)3
(63)6 (40)3 (30)3 (30)6 (21)6 (6320)24
(63)6 (30)3 (32)3 (20)6 (30)6 (5032)6 (30)3 (42)9 (32)6
(53)6 (4130)6 (30)6 (41)6 (6340)6 (20)3 (20)3 (62)6 (40)3 (30)3
(60)6 (30)3 (32)3 (20)6 (30)6 (5032)6 (30)3 (42)9 (42)3 (44)3
(5330)6 (30)3 (30)3 (30)6 (32)6 (4032)12 (21)6 (32)6
(63)6 (30)3 (32)3 (20)6 (30)6 (5032)6 (30)3 (42)9 (32)6
(53)6 (4130)6 (30)6 (41)6 (6340)6 (20)3 (20)3 (62)6 (40)3 (30)3
(60)6 (30)3 (32)3 (20)6 (30)6 (5032)6 (30)3 (32)3 (50)6 (42)6
(53)6 (40)3 (40)3 (40)6 (32)6 (4032)12 (30)3 (32)3 (20)3 (30)3
(5420)12 (42)6 (32)3 (32)3 (53)12 (30)3 (32)3 (20)3 (30)3
(5220)6 (20)3 (20)3 (44)6 (12)6 (5141302212)12 (5141302210)3 (12)3 (13)3 (12)3
(502113)6 (32)3 (13)3 (42)6 (21)6 (5321)6 (30)6 (23)3 (20)3 (30)3 (32)3
